id
70957
90072
64632
61474
96281
9624
63449
113231
138271
84512
52357
40495
78487
50590
119418
62968
83129
6557
65310
39460
269961
90121
64043
121343
96684
31389
63532
50757
17095
66026
4731
125127
108548
45541
1331
30014
107037
60024
95032
124026
1708
60129
86038
16251
149246
49431
99287
76486
56823
22349
101708
135177
73026
2582
48859
58007
132892
102601
127859
13718
38740
73514
84260
130565
113171
71430
71196
24240
55973
9533
77235
49647
137534
80505
145958
38343
110703
76285
25400
19776
66678
111725
45205
94116
36516
76107
50217
16789
117605
17079
83122
48252
100711
68956
19404
32559
105259
7647
134535
123044
19543
80785
117909
120556
115019
119685
80071
70767
129860
63346
55582
26080
133118
9112
115713
20214
33382
106263
149455
57750
77249
55440
70986
102636
36574
95768
16852
128649
45089
78750
69893
78120
53037
149506
96842
77241
103084
54336
119721
79528
40034
37195
30702
146715
28971
15830
136019
34371
87984
222571
130042
87137
127348
140674
63081
39002
18929
17555
88356
38928
139189
98811
21166
1282
79945
46474
90600
73722
95418
27277
34709
78958
129205
50908
79196
98922
15628
14109
12031
63476
101177
104035
119243
147516
62462
104020
93859
3394
40769
77529
60101
44627
112708
103360
120634
131759
5450
78304
12651
133422
97359
74344
108038
37684
71563
56114
70497
97340
95497
37398
22191
14108
36656
113935
107983
58785
85781
60422
17514
78115
74756
101452
23917
51939
149790
29559
65564
6345
78349
58556
115544
101298
90215
98591
35620
43980
40323
35006
24448
126919
149050
37933
82044
111066
79485
130466
138105
24919
142012
127372
39580
93077
11903
5962
50807
29186
67922
40056
58769
114014
98923
90821
19283
32961
22266
124035
42324
43862
90718
66867
144366
129958
62936
110015
27132
68919
51538
73975
102141
145375
1998
25254
138608
40978
118579
102626
81541
3343
85345
146042
137382
458
101630
87219
72565
100544
77775
23012
55635
20083
22203
127428
100695
54590
103727
98919
124619
78875
24158
105742
24668
48332
53231
29023
127104
74873
1159
39900
45513
103008
13593
144719
61793
112988
50136
90555
100838
90081
96983
35120
69684
80745
51253
136274
67576
12383
18602
91899
3171
130700
38738
90439
30518
68878
84934
60934
5393
60388
112394
93476
11584
118366
38816
45817
103230
74691
8862
47272
33552
142747
69822
107609
20773
106967
30608
145953
74790
55156
245815
101805
16284
84523
65226
100818
19489
115926
45049
117259
63454
146470
90648
79018
104188
60864
145829
284859
146755
50698
20313
2434
91227
1087
2925
134399
108231
102082
8617
102614
15295
68965
118151
64047
35236
108809
114225
53312
67978
149094
146024
1949
71011
9388
133061
121157
108173
4136
145277
2447
3481
123527
145325
11552
129541
22947
103344
110289
68459
2004
32582
40023
715
10153
24937
99736
21188
75264
53238
123839
62102
115290
121237
128084
49052
19249
109282
136372
46855
101367
95947
17236
33065
107719
98879
114094
73986
7687
143491
39101
18660
76577
83286
15231
115672
108254
11182
2020
87552
142591
142615
4053
116801
37892
22017
116156
50368
27042
64025
54864
133612
72106
88649
145204
56668
146464
112240
114509
52973
20901
17375
58865
72208
47349
12208
70868
62513
47392
38995
85621
11070
139907
72646
34444
103792
48802
75542
65029
43156
88745
96525
105828
22866
54507
46283
42593
79637
71701
78749
91252
24074
53964
17490
124766
73493
107416
128520
37612
129252
75416
114888
147042
126087
19162
106734
47548
31874
133937
81656
14157
15486
118257
84252
115776
72165
83210
33863
134575
65086
98937
132549
23103
119788
147012
139210
72551
121408
1084
91436
115469
31533
126833
192406
6525
100835
7519
25602
82092
91510
20789
19445
100316
135289
121599
28240
37570
126496
48701
98118
22171
48602
95490
53097
24373
141358
30689
147805
49600
64570
14095
143332
221
140866
123054
120249
112219
11593
25863
3534
46763
7652
117774
43457
132281
113821
6162
100671
3717
121314
94137
17618
117323
61227
8025
52970
17239
7506
70523
62767
125920
26314
36346
56227
106530
5803
69285
50431
136259
12608
12157
114948
10807
55554
138471
106429
14924
126218
116495
145835
47553
91657
69571
44414
116856
84355
11589
13903
123442
91532
96859
47558
104829
98110
2978
75763
92932
99494
37894
80540
5015
52287
101905
77374
139195
140309
23937
39367
47031
130278
95526
41844
107545
11023
15008
84150
16217
60894
128383
85532
93089
40153
103092
37742
9115
48864
144835
42479
144851
98504
146524
128499
98292
5683
120588
108069
9800
117225
30063
95014
113194
135762
72960
128344
68092
19055
49314
126613
62441
125309
95373
63809
67865
3571
67335
48103
116994
13714
26217
104112
141846
85681
2463
93134
143542
29786
131989
188149
10639
108333
134157
37183
76473
166620
34122
17478
21256
17084
114381
88314
41436
123625
105952
68847
71141
142463
44781
64056
19502
76454
18701
135036
120214
67776
2246
115391
36350
84665
24722
32677
134565
84663
22647
50508
29415
86948
38102
24140
101379
107226
21726
86709
128175
136290
80530
1529
100450
109795
101501
86831
10815
27003
95279
10016
19254
86493
8202
61428
61985
137867
116826
137466
95693
31708
4423
146809
93127
144501
149954
11431
141398
138543
83149
38894
111576
90084
43651
38862
127263
49095
37890
91318
147616
132599
5686
122027
38902
67281
9389
38866
16677
22036
104413
68387
59193
117956
79567
61959
10672
94311
44468
51241
33256
14804
51266
96275
117124
34429
85187
58006
14478
83613
101076
98599
134831
121103
104172
125947
32419
30509
2265
44184
143395
88767
148558
124896
112418
52336
130651
88325
71675
42948
1902
27203
44355
131181
102068
66874
123952
131801
124937
71508
35119
133036
55681
98495
113653
62672
76990
131389
29333
131313
45815
45871
104080
75541
11875
105146
53748
90736
143160
42397
137052
79140
32296
113170
46482
106673
148388
106004
34363
114330
22316
71200
42124
25070
36195
106709
78054
90856
79798
118663
114754
139316
80906
127215
144884
74660
40360
145948
40075
123930
119831
144075
93244
139742
94448
1645
2527
92000
120639
149543
60757
87586
138456
119124
37947
56078
26171
39829
39599
28999
3185
147071
63988
21156
71285
19646
67030
81346
113055
45982
130582
47968
108108
16684
76902
138090
21837
10690
20608
12081
32303
27156
65972
90357
81325
119803
77623
39539
35534
94804
32054
15092
137608
40192
84264
43467
32875
16144
9546
117688
121008
112796
146232
144387
15632
237725
103731
83634
2107
128917
120277
20683
106411
97952
44140
109772
121231
59962
136366
124258
76191
95964
74938
32954
142176
43603
107189
174028
74292
134315
41589
100571
1582
132076
65431
44046
275124
8037
39982
75833
78393
98222
124775
133242
53862
11477
52559
12446
238864
143512
71355
35780
141335
89612
46985
13696
56983
46106
6290
8897
68139
10027
84130
59170
98520
32074
92351
14770
114865
37289
120567
113981
32999
20444
80395
149869
132001
11642
116169
108606
49753
21501
6778
104784
142263
119755
43235
85055
59217
65994
66773
33066
137877
22620
89045
58887
69814
109591
112932
50234
100323
18692
131842
67077
148241
57273
36143
3946
27398
79110
38777
116151
2894
69122
96803
53902
16329
89480
116418
111001
45680
54039
52804
30209
7628
115912
10354
148675
101387
8763
68146
124021
17570
58304
146091
39255
39166
145320
93854
60738
161707
67082
58023
83928
81813
89815
73660
494
62756
101312
23759
99960
101089
113381
82381
108502
11051
81190
20986
141255
66866
64948
147969
28444
29916
141064
33940
63918
146222
91985
71806
125536
22598
17927
6330
24896
93468
106889
109403
22825
71754
19635
111051
116901
145856
6073
65463
43863
31069
15691
41255
48825
132889
51467
64903
95610
17484
34543
109811
138784
111394
147273
118698
76487
75007
53981
14562
20857
10238
68624
20416
138841
34562
143907
114857
22403
34226
109476
112342
63392
107777
105735
75459
107626
33848
9992
89598
41319
90375
19370
92959
110840
110794
7460
38956
33254
105845
34150
17185
61490
131813
101939
117226
99621
70910
39880
142120
25324
119501
234435
96643
2395
81552
111527
6113
36707
56844
107722
98901
36866
88830
84011
4057
5159
721
134423
111709
132596
50206
107878
44487
66121
82769
47113
135920
13926
88969
100202
22914
132103
147017
54962
36167
137728
67904
9290
60397
19238
116686
84964
21572
120954
135445
58965
103830
101296
29764
149399
19300
48059
44464
119267
26205
47507
114179
44735
81548
97911
102440
144206
142427
91975
123311
107212
28311
106391
78680
17223
123814
32170
55358
111750
99333
51693
10768
77452
13904
6094
77671
58791
11061
148883
80585
116530
106410
27640
6429
115880
21763
59650
102903
55293
54313
16263
139858
132633
43097
38110
104998
89834
132533
123407
20749
59134
116273
13541
149408
24131
14521
137691
5016
99423
109537
88303
121153
74967
138443
91048
49330
31374
9238
119358
38233
88139
16779
102177
57740
116721
83743
8873
111472
78221
129627
10286
39461
114620
49801
131735
94637
105468
44223
7825
118005
118639
64524
82237
74596
18397
79329
72085
38715
24904
38581
23513
81048
84670
137411
97471
103678
48869
44314
232664
39933
139066
23874
56648
88628
67137
98218
44690
125500
15258
32780
17706
8477
101315
121022
41551
113878
21620
65515
99508
136670
48767
117222
54422
123805
69715
39609
132890
41214
145897
81509
76841
91071
23309
17147
103207
37052
122713
140121
75317
81194
3156
49926
33204
97933
114648
140087
149944
120507
68721
76313
67297
67209
133613
99003
50580
104004
18018
44512
141757
28906
108083
84034
90727
81523
54692
25189
63088
140469
33008
123143
146481
144241
87749
31030
83584
28031
102815
121703
51425
39202
1475
89365
31801
64849
50501
78879
148744
92620
107228
12511
18708
52389
49218
28627
95639
143853
128985
24316
137291
109822
82415
34280
88614
110878
128346
133795
76642
345
91056
20185
97681
66959
84869
58629
138080
70511
25533
90165
2834
68964
147857
2823
107669
57045
91408
137390
71818
134090
96661
54498
82791
92903
56009
2169
9664
92679
146221
133665
86084
30707
45293
93142
37288
11710
48542
65456
49923
108416
39186
39447
138106
140548
39217
112758
83903
106021
706
141062
134993
93756
36212
138417
107689
107281
17870
30287
97648
105671
42916
51956
21722
126555
14758
32279
23944
148110
28988
135279
45268
9302
3881
76759
42891
87547
82367
99007
20891
47442
3620
106535
92296
91845
76829
79054
78535
4272
149791
69658
115212
123223
5836
144671
7080
2998
144324
134261
76026
90575
50190
99147
95578
84148
135133
79803
32952
100594
114831
79977
268984
114439
75661
46687
45242
120435
69697
59387
109160
145059
105698
146898
21898
127636
65241
109386
134162
79620
134435
30553
18305
113720
64242
149856
51100
9294
126306
44168
27684
84527
90077
30908
125521
138711
15874
54045
93830
29468
129047
137810
4114
19853
52599
23487
76070
2402
111425
13093
137905
37701
30091
88346
108257
130552
40509
69356
1068
63075
131748
30365
41677
26576
60814
111529
133026
136927
66200
39085
78819
50774
42089
76192
26398
20032
21667
4236
71538
45773
50321
30923
134507
75635
136347
54181
18077
45341
4637
7938
44016
145178
109133
70843
59288
99731
95779
50819
37736
89988
140269
63720
119295
79570
115936
89519
7070
5530
139261
103806
110194
23429
142161
60953
31474
128729
59666
58659
118914
121717
77265
56430
141373
289283
1510
80523
11092
69636
13247
30419
22546
55261
63208
22793
2565
127419
80180
147740
131301
84438
29953
66935
88987
68509
136252
233431
12424
96549
63979
101147
103541
14826
127680
100037
43295
3208
119853
101658
56251
75444
55327
8594
63276
36042
105877
56452
110030
20892
28898
100726
70992
89876
45837
22835
108787
22536
12426
145112
78406
26640
78045
82662
11594
97454
50575
17430
18366
31417
51181
77735
35322
81932
14488
28331
65661
145296
29561
14896
81593
51594
50925
1631
131217
146105
139762
141132
89688
148253
134425
87707
111856
109458
133399
34208
17219
124174
264
68455
89436
71978
98061
99761
110862
17272
115325
10211
75394
137034
139081
152
104797
13491
135219
133161
109884
130541
134778
100188
82314
75700
42905
28963
16809
76241
15180
81725
77950
82056
635
17919
11390
1370
58544
71999
115882
38564
25552
97795
22298
45857
38535
66745
142700
112467
68977
78729
95491
6237
263203
102136
92755
9950
92208
129892
141233
121639
136182
920
48960
41944
30798
32357
21370
54488
128841
118443
71185
57083
95313
112
75512
134260
120224
99670
27159
44003
137802
57631
145335
46088
77013
54128
1613
30177
58538
41480
95221
111978
132569
33883
96195
20707
56667
117957
30565
81195
141238
105933
97690
107030
92465
3283
46510
47567
125867
139766
80992
107593
33972
148771
19024
48890
73936
60182
88886
54402
77837
94841
67750
3351
140973
113383
129509
122486
116238
114374
86129
105224
92398
114971
127770
25856
72218
92328
50027
64699
28829
65383
38140
81998
42379
61678
139106
119286
59817
94340
112448
132237
66569
77253
140833
108150
101567
71318
114391
63618
130892
104204
75614
51086
25467
509
10166
144629
92766
10243
59337
4144
96905
68049
45326
7497
117827
70715
95130
2380
9419
143840
42019
6448
133581
54206
89724
20809
146465
23657
17877
80525
29741
144103
19038
124934
45244
72303
100356
57099
10986
89706
49399
37374
43974
112202
10913
85210
38446
31195
24415
126880
103109
47177
53010
82424
143867
47133
14725
35574
49401
53051
63452
9563
71775
80048
142522
72730
574
36046
149888
11636
35568
19094
100465
4551
12410
58506
13518
20244
33603
97061
44823
1066
120936
5379
290967
7397
46684
2096
15579
27535
117791
118211
115153
121790
108906
134282
91272
10028
70699
19139
125117
52153
57202
56461
79804
82310
118110
59993
123867
131478
66401
93300
127879
33818
37408
39960
145387
55026
27233
135058
84863
8791
122002
46102
72947
114729
18836
6830
117701
64057
49316
77386
46016
53736
141999
34181
1825
48037
290595
12614
111969
31178
140799
10263
45381
124225
45442
15226
6010
76276
117526
124908
16136
121731
58567
89389
52358
41608
80716
46277
14554
47184
113594
127784
54331
87274
114421
109023
18551
124911
15327
52339
52608
112794
109326
44164
63702
122914
4876
40284
8807
6619
65157
85756
43810
42152
1349
83553
8046
90990
131474
60337
115181
70664
68762
29563
44918
62769
99236
111097
106834
109103
22689
40903
54277
22678
100630
24030
112130
6153
139871
138918
105048
131256
6382
143910
120076
72719
122359
23463
64093
492
76327
31911
136662
8944
141311
129585
18060
138319
92218
109057
64631
87457
53416
105588
95668
1058
106551
4115
70003
14741
16641
75563
92993
93120
137325
123635
282759
75619
73083
72166
142398
2814
100827
66435
9142
3468
81539
133048
132253
89308
84530
43255
48441
148477
75578
126651
10575
110027
42835
93753
66707
52116
15144
116784
127306
14620
5971
105430
51701
149937
73669
36205
80522
130632
7932
53941
44501
93809
145828
51827
132631
140132
73258
122424
113257
178192
102025
71264
112347
71714
85260
81043
59554
26391
113655
15913
87308
148195
24987
100892
18941
52046
112895
129616
130049
86777
192517
24769
34721
99432
22433
20399
126076
117613
108156
105975
146545
117048
545
72487
145976
115568
108045
99833
97383
90992
43054
42957
112885
2665
120128
145180
129709
24729
26818
94851
134348
14522
4736
58083
140730
102661
21220
34050
419
37982
27635
26245
21062
120857
43583
126979
11034
65475
3593
47486
3042
38086
124408
19060
127830
8430
41659
88885
36975
142943
132771
118929
51284
97625
58726
120054
3771
68784
97982
98296
7899
80798
137574
134803
18265
60660
124468
116123
23462
62701
81572
3382
133425
42472
149381
99615
55048
105840
125835
82587
45249
44714
116453
52768
134709
3576
80907
97274
3732
35173
110745
35163
68653
98508
42497
6897
88472
140180
72741
107010
5760
56032
31929
106385
68963
47072
124457
127406
101897
75043
103391
127522
1853
147917
95984
121093
1241
6174
8725
41712
21894
26764
80460
56835
43819
136488
66489
11672
29604
79426
9020
86740
100270
73444
40839
17370
71706
146850
10870
12805
117873
122924
48297
104484
9243
75851
140531
34773
135857
48437
32052
140699
8537
132375
49039
60383
115280
33787
84007
146228
105424
53801
29475
4742
8130
82456
18329
63969
61568
136314
117890
7110
125551
61788
90855
111731
87207
122484
30954
38180
113422
13808
134796
98555
127630
41726
82186
98337
16607
50076
11489
65304
56590
40082
31539
147015
52747
146992
7125
16314
61832
89656
122012
147553
22037
90176
53715
24835
82720
59822
11238
96036
133597
138700
54204
49533
89551
149279
141051
266469
41035
7715
71859
115762
6926
67944
95283
93615
63403
22142
123070
97444
16231
18570
107670
58688
39537
44708
27353
92549
90635
131206
22479
117958
110050
46300
4793
53387
49506
57248
127183
121535
101305
141839
77521
135529
86601
10969
507
30939
16585
89799
49717
82374
44604
101078
67510
64840
113754
61787
147591
29654
39441
12176
17647
128715
82098
56643
62415
9952
54182
35664
112637
96185
73597
140928
88539
130189
118881
41183
134919
147065
83225
33795
29598
96501
7040
30456
103064
10202
35755
81945
56599
36104
72083
96584
11237
148375
137378
52036
90425
95951
41453
14628
91589
24849
86392
44094
111395
11002
45169
44202
136049
1432
99688
90318
57413
126025
119365
105752
46329
53795
119326
145486
113264
106999
119236
136490
96260
122034
144054
124856
115951
90664
4575
124611
72355
15308
40752
39634
92162
17777
41047
10920
83438
17541
38426
148153
131031
29091
255523
41948
107408
64598
48288
2495
91753
111200
81367
106893
25701
96881
149764
45719
96845
50756
30806
48002
26925
46365
62426
69767
23661
56442
16488
130508
85031
30196
60109
145037
93070
119026
35427
110045
133628
120133
12683
25564
107606
46307
132483
66354
62058
73831
10993
73160
294386
77273
7945
26533
66169
43150
32417
149227
143495
78438
13515
79726
12078
9760
129548
87449
113581
147113
18766
77219
115093
94032
64064
84496
77902
1367
101903
92505
105464
35865
144742
77054
11139
95901
41682
125926
27826
39379
125708
36006
54087
53598
8145
127812
75326
53047
85228
69952
32887
68068
40582
74603
57058
50471
14973
59961
83166
241942
131116
129042
21609
78633
77786
53259
105721
79903
17279
92720
75008
126002
143017
93208
71767
89890
24104
67146
40044
44599
119800
55957
31927
58433
90651
17503
124959
42426
111371
125807
55583
37492
20666
214989
99149
144077
62238
37280
110858
86937
37520
23326
72271
22407
123137
123284
2772
82675
75330
12864
82366
27713
138333
103216
148077
113425
144860
97527
93632
50467
9568
104819
51139
52854
123017
143298
77983
89456
45526
97247
79184
48980
41594
52566
73121
115711
2234
112466
65810
78180
142073
64873
92843
89232
79821
33338
10695
23345
28055
128119
82102
116291
61823
83877
106415
71858
118965
93242
1680
125988
133574
71335
42118
18211
99901
37295
84187
102308
148876
40202
42665
88836
101542
50873
110960
19486
84917
89496
99444
63027
74299
12321
84092
50045
110196
59507
36255
33738
8597
148834
110616
64947
250066
128150
87986
127944
73165
31886
56746
43707
54992
271436
57501
100848
126195
93045
5115
5487
17449
65053
50543
60919
95910
33327
193103
129429
4683
63985
66815
9948
14580
108384
137535
122254
32526
53657
72390
94980
130293
56180
20292
16354
117264
71617
95228
73657
97542
141272
52694
118263
33704
16105
3235
36582
27995
3123
11046
52162
63574
84802
49710
4056
65642
71226
1567
75333
25619
148672
103277
36353
102000
74677
4368
110083
129629
34092
10095
147504
72935
5634
5265
132897
57385
32466
102406
140994
72460
95274
78860
64442
89368
60279
